6817. 13.12.2022 14,30,36,37,39,47
6818. 15.12.2022 1,4,13,18,34,47
6819. 17.12.2022 11,12,15,25,32,43
6820. 20.12.2022 1,2,5,6,10,19
6821. 22.12.2022 2,3,5,35,38,46
6822. 24.12.2022 8,16,24,27,41,44
6823. 27.12.2022 2,9,11,17,28,41
6824. 29.12.2022 4,15,23,27,30,41
6825. 31.12.2022 16,19,29,36,46,47
6826. 03.01.2023 8,11,14,37,38,48
6827. 05.01.2023 7,21,31,43,45,49
6828. 07.01.2023 3,9,12,21,29,43
6829. 10.01.2023 3,10,11,30,40,48
6830. 12.01.2023 25,31,32,33,44,45
6831. 14.01.2023 14,23,34,39,44,45
6832. 17.01.2023 8,11,18,22,38,49
6833. 19.01.2023 1,2,18,22,41,48
6834. 21.01.2023 14,26,37,41,43,47
6835. 24.01.2023 3,6,8,10,13,33
6836. 26.01.2023 7,15,26,28,33,35
6837. 28.01.2023 4,24,34,39,40,44
6838. 31.01.2023 5,8,19,28,41,46
6839. 02.02.2023 18,29,31,35,40,46
6840. 04.02.2023 14,20,22,26,47,48
6841. 07.02.2023 10,13,14,23,40,44
6842. 09.02.2023 1,13,26,40,45,49
6843. 11.02.2023 6,14,16,24,28,44
6844. 14.02.2023 14,24,26,33,34,48
6845. 16.02.2023 13,15,20,26,28,36
6846. 18.02.2023 1,27,30,32,42,48
6847. 21.02.2023 1,12,17,23,25,38
6848. 23.02.2023 10,13,22,26,43,48
6849. 25.02.2023 7,10,35,38,41,45
6850. 28.02.2023 2,36,41,42,45,46
6851. 02.03.2023 1,4,10,28,30,49
6852. 04.03.2023 10,11,21,32,34,48
6853. 07.03.2023 18,20,36,37,44,46
6854. 09.03.2023 5,27,30,33,35,39
6855. 11.03.2023 1,16,20,21,40,44
6856. 14.03.2023 8,12,15,21,36,42
6857. 16.03.2023 3,8,39,40,41,43
6858. 18.03.2023 3,9,20,36,42,49
6859. 21.03.2023 1,7,19,21,25,36
6860. 23.03.2023 13,28,34,43,44,45
6861. 25.03.2023 3,12,19,31,40,43
6862. 28.03.2023 3,10,13,15,23,34
6863. 30.03.2023 10,19,43,44,45,49
6864. 01.04.2023 4,9,21,29,43,46
6865. 04.04.2023 15,17,26,31,35,46
6866. 06.04.2023 1,4,11,29,34,44
6867. 08.04.2023 3,14,30,38,45,47
6868. 11.04.2023 1,7,11,30,33,46
6869. 13.04.2023 7,9,10,40,41,45
6870. 15.04.2023 5,6,14,36,40,48
6871. 18.04.2023 12,20,23,27,34,35
6872. 20.04.2023 10,17,26,28,31,47
6873. 22.04.2023 5,7,10,25,41,44
6874. 25.04.2023 2,5,6,11,39,44
6875. 27.04.2023 5,32,33,37,47,49
6876. 29.04.2023 7,13,17,29,30,39
6877. 02.05.2023 2,4,26,27,36,45
6878. 04.05.2023 9,11,14,15,33,49
6879. 06.05.2023 1,16,27,31,38,42
6880. 09.05.2023 8,16,27,28,38,49
6881. 11.05.2023 2,3,9,27,38,46
6882. 13.05.2023 2,7,8,32,41,45
6883. 16.05.2023 4,16,18,33,34,46
6884. 18.05.2023 5,7,20,29,45,48
6885. 20.05.2023 7,8,12,16,40,48
6886. 23.05.2023 1,6,11,12,28,35
6887. 25.05.2023 2,7,11,15,41,46
6888. 27.05.2023 24,31,33,34,44,49
6889. 30.05.2023 8,19,32,37,44,47
6890. 01.06.2023 5,6,17,23,29,49
6891. 03.06.2023 2,15,17,31,34,35
6892. 06.06.2023 4,6,18,30,47,48
6893. 08.06.2023 6,13,21,36,45,47
6894. 10.06.2023 6,29,31,40,43,48
6895. 13.06.2023 9,21,37,38,40,47
6896. 15.06.2023 7,16,23,24,38,47
6897. 17.06.2023 2,5,19,20,27,49
6898. 20.06.2023 11,12,16,31,37,39
6899. 22.06.2023 9,17,35,41,45,47
6900. 24.06.2023 7,11,12,25,37,48
6901. 27.06.2023 1,16,17,19,38,48
6902. 29.06.2023 2,13,21,26,31,35
6903. 01.07.2023 5,8,18,39,40,43
6904. 04.07.2023 8,19,27,28,40,43
6905. 06.07.2023 17,23,40,41,43,45
6906. 08.07.2023 5,8,15,20,24,47
6907. 11.07.2023 9,17,34,42,44,45
6908. 13.07.2023 22,32,33,34,38,44
6909. 15.07.2023 5,9,12,36,38,48
6910. 18.07.2023 17,18,19,23,38,41
6911. 20.07.2023 1,12,18,34,39,49
6912. 22.07.2023 5,9,17,21,22,25
6913. 25.07.2023 14,28,32,39,48,49
6914. 27.07.2023 1,5,7,21,22,37
6915. 29.07.2023 1,11,12,20,40,45
6916. 01.08.2023 4,23,40,41,42,48
6917. 03.08.2023 5,6,8,39,42,48
6918. 05.08.2023 9,13,16,17,26,27
6919. 08.08.2023 26,32,33,35,43,46
6920. 10.08.2023 5,9,12,17,23,44
6921. 12.08.2023 5,10,19,28,33,39
6922. 15.08.2023 12,19,22,32,36,47
6923. 17.08.2023 4,11,15,25,36,49
6924. 19.08.2023 4,5,9,11,16,40
6925. 22.08.2023 8,16,23,31,38,42
6926. 24.08.2023 2,16,36,39,44,49
6927. 26.08.2023 20,22,25,26,30,47
6928. 29.08.2023 5,16,19,21,22,32
6929. 31.08.2023 2,6,7,23,27,47
6930. 02.09.2023 1,5,11,26,36,44
6931. 05.09.2023 2,7,9,24,27,30
6932. 07.09.2023 17,30,31,32,36,39
6933. 09.09.2023 4,17,20,35,36,38
6934. 12.09.2023 8,25,41,43,46,48
6935. 14.09.2023 7,11,20,25,30,46
6936. 16.09.2023 14,31,33,34,41,42
6937. 19.09.2023 2,6,12,33,36,47
6938. 21.09.2023 13,14,33,36,37,49
6939. 23.09.2023 7,9,21,32,39,46
6940. 26.09.2023 5,7,20,29,33,46
6941. 28.09.2023 1,5,9,23,34,44
6942. 30.09.2023 25,27,28,32,33,48
6943. 03.10.2023 1,8,9,12,37,49
6944. 05.10.2023 17,18,31,36,43,49
6945. 07.10.2023 13,17,31,37,44,49
6946. 10.10.2023 2,10,17,22,28,42
6947. 12.10.2023 9,16,17,18,27,41
6948. 14.10.2023 9,19,37,41,46,47
6949. 17.10.2023 5,15,33,39,40,42
6950. 19.10.2023 6,30,38,46,48,49
6951. 21.10.2023 5,13,17,36,38,47
6952. 24.10.2023 3,19,27,28,36,43
6953. 26.10.2023 4,5,18,25,31,38
6954. 28.10.2023 7,8,24,30,38,47
6955. 31.10.2023 26,28,33,41,43,47
6956. 02.11.2023 5,7,15,17,31,49
6957. 04.11.2023 2,9,17,29,36,48
6958. 07.11.2023 5,8,22,23,37,44
6959. 09.11.2023 4,7,24,35,36,47
6960. 11.11.2023 10,14,22,27,30,32
6961. 14.11.2023 4,10,13,36,43,47
6962. 16.11.2023 4,16,24,29,30,32
6963. 18.11.2023 14,20,26,34,38,46
6964. 21.11.2023 2,17,32,39,47,49
6965. 23.11.2023 3,4,14,28,31,42
6966. 25.11.2023 9,15,25,28,38,44
6967. 28.11.2023 12,21,26,40,44,47
6968. 30.11.2023 15,16,20,21,24,37
6969. 02.12.2023 1,3,4,19,23,40
6970. 05.12.2023 4,14,25,28,37,44
6971. 07.12.2023 4,14,15,23,28,44
6972. 09.12.2023 14,21,35,37,45,49
6973. 12.12.2023 13,15,21,24,38,45
6974. 14.12.2023 4,15,21,24,37,48
6975. 16.12.2023 6,7,22,28,29,46
6976. 19.12.2023 12,16,28,31,35,47
6977. 21.12.2023 5,10,14,19,29,30
6978. 23.12.2023 4,11,15,21,36,41
6979. 26.12.2023 2,13,17,36,45,49
6980. 28.12.2023 5,27,29,33,40,44
6981. 30.12.2023 8,21,24,32,37,44
6982. 02.01.2024 15,18,28,30,37,49
6983. 04.01.2024 10,25,26,28,44,46
6984. 06.01.2024 2,5,8,9,30,42
6985. 09.01.2024 4,19,20,23,28,48
6986. 11.01.2024 2,13,17,26,34,38
6987. 13.01.2024 7,24,29,36,44,46
6988. 16.01.2024 2,5,14,22,23,29
6989. 18.01.2024 3,18,19,20,27,28
6990. 20.01.2024 9,22,29,38,43,44
6991. 23.01.2024 12,15,21,23,26,41
6992. 25.01.2024 1,2,13,30,37,47
6993. 27.01.2024 5,10,17,41,44,48
6994. 30.01.2024 6,7,32,40,43,49
6995. 01.02.2024 22,32,36,41,43,48
6996. 03.02.2024 2,6,12,18,38,40
6997. 06.02.2024 4,18,34,40,44,45
6998. 08.02.2024 11,14,15,20,39,46
6999. 10.02.2024 11,18,20,26,37,47
7000. 13.02.2024 1,8,36,37,42,48
7001. 15.02.2024 1,7,9,17,19,49
7002. 17.02.2024 6,7,11,19,20,47
7003. 20.02.2024 7,10,14,27,41,45
7004. 22.02.2024 1,16,18,21,46,47
7005. 24.02.2024 4,10,13,21,22,49
7006. 27.02.2024 4,11,12,34,37,41
7007. 29.02.2024 12,15,17,34,39,46
7008. 02.03.2024 2,13,16,22,36,37
7009. 05.03.2024 4,7,9,22,36,49
7010. 07.03.2024 13,16,26,30,46,49
7011. 09.03.2024 4,7,28,29,46,48
7012. 12.03.2024 12,17,25,28,42,47
7013. 14.03.2024 2,5,16,42,43,45
7014. 16.03.2024 10,21,23,24,28,49
7015. 19.03.2024 4,12,31,39,41,48
7016. 21.03.2024 13,14,24,26,29,49